floor
25
25
18
5
10
22
23
23
20
9
19
17
25
12
25
9
18
6
10
24
23
9
5
5
5
12
15
25
25
5
16
18
16
4
26
17
25
12
4
25
9
25
9
17
25
9
25
5
23
0
5
26
24
25
16
10
9
24
9
11
9
5
5
24
9
0
33
8
24
25
8
25
23
0
5
26
24
25
16
10
9
24
9
11
9
5
5
24
9
0
33
8
24
25
8
25
6
22
10
5
16
5
13
23
15
25
16
5
22
27
22
25
25
18
24
24
25
28
9
25
10
6
12
16
25
26
22
19
5
25
10
20
25
9
25
3
24
15
9
4
14
11
10
32
25
9
25
13
5
25
11
24
9
8
16
18
25
22
20
34
6
16
16
4
5
26
11
5
24
23
11
16
14
16
25
24
25
26
9
9
24
8
0
24
25
6
22
5
25
25
5
25
5
23
26
26
5
24
9
15
6
20
25
17
7
25
6
16
9
5
6
31
16
25
26
0
5
9
10
25
24
9
16
25
16
25
24
9
27
16
25
9
0
15
33
25
16
5
24
5
17
24
17
9
24
26
22
24
22
19
14
9
12
24
20
6
16
9
26
4
27
12
25
25
26
8
19
30
0
5
26
23
26
24
9
9
22
25
9
26
4
10
20
20
25
0
4
9
24
5
25
0
13
9
25
17
35
0
13
9
24
16
0
25
16
27
5
24
25
0
26
25
26
20
24
17
16
24
25
24
24
15
25
25
25
12
25
9
26
22
25
5
9
22
26
28
10
24
4
10
9
4
10
0
0
5
25
16
6
0
7
15
5
26
0
9
22
21
25
25
16
0
30
17
9
23
17
25
28
24
23
8
25
24
26
10
25
19
17
24
26
9
26
22
25
25
24
24
9
4
5
26
9
25
24
26
15
10
32
16
9
12
25
4
18
9
5
16
27
17
9
5
26
26
24
5
25
24
23
26
8
16
4
9
5
10
26
19
24
16
36
26
16
17
10
9
9
25
22
26
10
16
19
9
16
16
4
26
8
25
24
9
9
12
5
15
15
13
26
7
5
6
25
26
25
16
30
0
19
13
17
5
16
0
17
26
26
25
0
25
17
24
24
24
5
0
24
10
3
13
25
9
25
25
3
25
15
26
9
25
19
9
25
26
24
21
25
22
25
24
5
5
18
34
24
9
10
1
19
25
26
24
23
20
26
5
25
11
15
9
24
9
25
14
22
26
24
16
25
34
12
9
9
5
11
25
25
16
9
6
25
9
26
25
24
25
4
26
12
22
19
25
16
8
25
18
10
9
26
9
11
24
24
20
5
25
9
9
28
0
12
19
5
27
0
10
25
24
26
3
26
0
3
30
14
9
16
0
0
25
5
9
0
20
25
8
25
26
9
0
25
15
34
19
8
25
9
25
9
10
16
25
5
14
25
25
25
30
6
20
5
25
22
14
26
5
18
23
3
10
22
25
5
0
25
5
5
17
16
0
26
9
21
9
0
21
25
16
5
26
26
0
27
16
25
16
10
21
24
27
22
26
17
7
13
30
26
9
17
17
0
25
10
25
9
9
27
22
25
26
5
22
15
26
14
0
25
25
25
26
24
0
25
25
34
13
0
26
25
5
25
23
4
0
9
9
25
9
27
20
9
16
24
36
5
20
25
11
5
25
28
25
21
25
4
8
25
26
19
27
5
25
25
24
28
26
9
16
25
24
9
10
29
9
12
25
24
11
10
9
26
9
25
18
25
11
21
35
12
17
10
0
7
25
9
19
31
0
14
29
30
10
0
18
5
16
16
19
12
0
26
10
21
8
16
25